50 1
pos0.png 0 0 74 36 37 18
pos1.png 0 0 74 35 37 18
pos2.png 0 0 74 40 37 20
pos3.png 0 0 74 40 37 20
pos4.png 0 0 74 41 37 21
pos5.png 0 0 74 42 37 21
pos6.png 0 0 74 37 37 19
pos7.png 0 0 74 36 37 18
pos8.png 0 0 74 40 37 20
pos9.png 0 0 74 36 37 18
pos10.png 0 0 74 49 37 25
pos11.png 0 0 74 42 37 21
pos12.png 0 0 74 40 37 20
pos13.png 0 0 74 36 37 18
pos14.png 0 0 74 39 37 20
pos15.png 0 0 74 40 37 20
pos16.png 0 0 74 49 37 25
pos17.png 0 0 74 52 37 26
pos18.png 0 0 74 31 37 16
pos19.png 0 0 74 35 37 18
pos20.png 0 0 74 38 37 19
pos21.png 0 0 74 59 37 30
pos22.png 0 0 74 36 37 18
pos23.png 0 0 74 35 37 18
pos24.png 0 0 74 45 37 23
pos25.png 0 0 74 35 37 18
pos26.png 0 0 74 41 37 21
pos27.png 0 0 74 40 37 20
pos28.png 0 0 74 40 37 20
pos29.png 0 0 74 35 37 18
pos30.png 0 0 74 35 37 18
pos31.png 0 0 74 33 37 17
pos32.png 0 0 74 37 37 19
pos33.png 0 0 74 31 37 16
pos34.png 0 0 74 36 37 18
pos35.png 0 0 74 36 37 18
pos36.png 0 0 74 33 37 17
pos37.png 0 0 74 36 37 18
pos38.png 0 0 74 34 37 17
pos39.png 0 0 74 36 37 18
pos40.png 0 0 74 37 37 19
pos41.png 0 0 74 34 37 17
pos42.png 0 0 74 35 37 18
pos43.png 0 0 74 36 37 18
pos44.png 0 0 74 36 37 18
pos45.png 0 0 74 34 37 17
pos46.png 0 0 74 41 37 21
pos47.png 0 0 74 37 37 19
pos48.png 0 0 74 42 37 21
pos49.png 0 0 74 40 37 20
